ts_code,trade_date,adj_factor
301024.SZ,20251231,1.52
301024.SZ,20251230,1.52
301024.SZ,20251229,1.52
301024.SZ,20251226,1.52
301024.SZ,20251225,1.52
301024.SZ,20251224,1.52
301024.SZ,20251223,1.52
301024.SZ,20251222,1.52
301024.SZ,20251219,1.52
301024.SZ,20251218,1.52
301024.SZ,20251217,1.52
301024.SZ,20251216,1.52
301024.SZ,20251215,1.52
301024.SZ,20251212,1.52
301024.SZ,20251211,1.52
301024.SZ,20251210,1.52
301024.SZ,20251209,1.52
301024.SZ,20251208,1.52
301024.SZ,20251205,1.52
301024.SZ,20251204,1.52
301024.SZ,20251203,1.52
301024.SZ,20251202,1.52
301024.SZ,20251201,1.52
301024.SZ,20251128,1.52
301024.SZ,20251127,1.52
301024.SZ,20251126,1.52
301024.SZ,20251125,1.52
301024.SZ,20251124,1.52
301024.SZ,20251121,1.52
301024.SZ,20251120,1.52
301024.SZ,20251119,1.52
301024.SZ,20251118,1.52
301024.SZ,20251117,1.52
301024.SZ,20251114,1.52
301024.SZ,20251113,1.52
301024.SZ,20251112,1.52
301024.SZ,20251111,1.52
301024.SZ,20251110,1.52
301024.SZ,20251107,1.52
301024.SZ,20251106,1.52
301024.SZ,20251105,1.52
301024.SZ,20251104,1.52
301024.SZ,20251103,1.52
301024.SZ,20251031,1.52
301024.SZ,20251030,1.52
301024.SZ,20251029,1.52
301024.SZ,20251028,1.52
301024.SZ,20251027,1.52
301024.SZ,20251024,1.52
301024.SZ,20251023,1.52
301024.SZ,20251022,1.52
301024.SZ,20251021,1.52
301024.SZ,20251020,1.52
301024.SZ,20251017,1.52
301024.SZ,20251016,1.52
301024.SZ,20251015,1.52
301024.SZ,20251014,1.52
301024.SZ,20251013,1.52
301024.SZ,20251010,1.52
301024.SZ,20251009,1.52
301024.SZ,20250930,1.52
301024.SZ,20250929,1.52
301024.SZ,20250926,1.52
301024.SZ,20250925,1.52
301024.SZ,20250924,1.52
301024.SZ,20250923,1.52
301024.SZ,20250922,1.52
301024.SZ,20250919,1.52
301024.SZ,20250918,1.52
301024.SZ,20250917,1.52
301024.SZ,20250916,1.52
301024.SZ,20250915,1.52
301024.SZ,20250912,1.52
301024.SZ,20250911,1.52
301024.SZ,20250910,1.52
301024.SZ,20250909,1.52
301024.SZ,20250908,1.52
301024.SZ,20250905,1.52
301024.SZ,20250904,1.52
301024.SZ,20250903,1.52
301024.SZ,20250902,1.52
301024.SZ,20250901,1.52
301024.SZ,20250829,1.52
301024.SZ,20250828,1.52
301024.SZ,20250827,1.52
301024.SZ,20250826,1.52
301024.SZ,20250825,1.52
301024.SZ,20250822,1.52
301024.SZ,20250821,1.52
301024.SZ,20250820,1.52
301024.SZ,20250819,1.52
301024.SZ,20250818,1.52
301024.SZ,20250815,1.52
301024.SZ,20250814,1.52
301024.SZ,20250813,1.52
301024.SZ,20250812,1.52
301024.SZ,20250811,1.52
301024.SZ,20250808,1.52
301024.SZ,20250807,1.52
301024.SZ,20250806,1.52
301024.SZ,20250805,1.52
301024.SZ,20250804,1.52
301024.SZ,20250801,1.52
301024.SZ,20250731,1.52
301024.SZ,20250730,1.52
301024.SZ,20250729,1.52
301024.SZ,20250728,1.52
301024.SZ,20250725,1.52
301024.SZ,20250724,1.52
301024.SZ,20250723,1.52
301024.SZ,20250722,1.52
301024.SZ,20250721,1.52
301024.SZ,20250718,1.52
301024.SZ,20250717,1.52
301024.SZ,20250716,1.52
301024.SZ,20250715,1.52
301024.SZ,20250714,1.52
301024.SZ,20250711,1.52
301024.SZ,20250710,1.52
301024.SZ,20250709,1.52
301024.SZ,20250708,1.52
301024.SZ,20250707,1.52
301024.SZ,20250704,1.52
301024.SZ,20250703,1.52
301024.SZ,20250702,1.52
301024.SZ,20250701,1.52
301024.SZ,20250630,1.52
301024.SZ,20250627,1.52
301024.SZ,20250626,1.52
301024.SZ,20250625,1.52
301024.SZ,20250624,1.52
301024.SZ,20250623,1.52
301024.SZ,20250620,1.52
301024.SZ,20250619,1.52
301024.SZ,20250618,1.52
301024.SZ,20250617,1.52
301024.SZ,20250616,1.52
301024.SZ,20250613,1.52
301024.SZ,20250612,1.52
301024.SZ,20250611,1.52
301024.SZ,20250610,1.52
301024.SZ,20250609,1.52
301024.SZ,20250606,1.52
301024.SZ,20250605,1.52
301024.SZ,20250604,1.52
301024.SZ,20250603,1.52
301024.SZ,20250530,1.52
301024.SZ,20250529,1.52
301024.SZ,20250528,1.52
301024.SZ,20250527,1.52
301024.SZ,20250526,1.52
301024.SZ,20250523,1.52
301024.SZ,20250522,1.52
301024.SZ,20250521,1.52
301024.SZ,20250520,1.52
301024.SZ,20250519,1.52
301024.SZ,20250516,1.52
301024.SZ,20250515,1.52
301024.SZ,20250514,1.52
301024.SZ,20250513,1.52
301024.SZ,20250512,1.52
301024.SZ,20250509,1.52
301024.SZ,20250508,1.52
301024.SZ,20250507,1.52
301024.SZ,20250506,1.52
301024.SZ,20250430,1.52
301024.SZ,20250429,1.52
301024.SZ,20250428,1.52
301024.SZ,20250425,1.52
301024.SZ,20250424,1.52
301024.SZ,20250423,1.52
301024.SZ,20250422,1.52
301024.SZ,20250421,1.52
301024.SZ,20250418,1.52
301024.SZ,20250417,1.52
301024.SZ,20250416,1.52
301024.SZ,20250415,1.52
301024.SZ,20250414,1.52
301024.SZ,20250411,1.52
301024.SZ,20250410,1.52
301024.SZ,20250409,1.52
301024.SZ,20250408,1.52
301024.SZ,20250407,1.52
301024.SZ,20250403,1.52
301024.SZ,20250402,1.52
301024.SZ,20250401,1.52
301024.SZ,20250331,1.52
301024.SZ,20250328,1.52
301024.SZ,20250327,1.52
301024.SZ,20250326,1.52
301024.SZ,20250325,1.52
301024.SZ,20250324,1.52
301024.SZ,20250321,1.52
301024.SZ,20250320,1.52
301024.SZ,20250319,1.52
301024.SZ,20250318,1.52
301024.SZ,20250317,1.52
301024.SZ,20250314,1.52
301024.SZ,20250313,1.52
301024.SZ,20250312,1.52
301024.SZ,20250311,1.52
301024.SZ,20250310,1.52
301024.SZ,20250307,1.52
301024.SZ,20250306,1.52
301024.SZ,20250305,1.52
301024.SZ,20250304,1.52
301024.SZ,20250303,1.52
301024.SZ,20250228,1.52
301024.SZ,20250227,1.52
301024.SZ,20250226,1.52
301024.SZ,20250225,1.52
301024.SZ,20250224,1.52
301024.SZ,20250221,1.52
301024.SZ,20250220,1.52
301024.SZ,20250219,1.52
301024.SZ,20250218,1.52
301024.SZ,20250217,1.52
301024.SZ,20250214,1.52
301024.SZ,20250213,1.52
301024.SZ,20250212,1.52
301024.SZ,20250211,1.52
301024.SZ,20250210,1.52
301024.SZ,20250207,1.52
301024.SZ,20250206,1.52
301024.SZ,20250205,1.52
301024.SZ,20250127,1.52
301024.SZ,20250124,1.52
301024.SZ,20250123,1.52
301024.SZ,20250122,1.52
301024.SZ,20250121,1.52
301024.SZ,20250120,1.52
301024.SZ,20250117,1.52
301024.SZ,20250116,1.52
301024.SZ,20250115,1.52
301024.SZ,20250114,1.52
301024.SZ,20250113,1.52
301024.SZ,20250110,1.52
301024.SZ,20250109,1.52
301024.SZ,20250108,1.52
301024.SZ,20250107,1.52
301024.SZ,20250106,1.52
301024.SZ,20250103,1.52
301024.SZ,20250102,1.52
301024.SZ,20241231,1.52
301024.SZ,20241230,1.52
301024.SZ,20241227,1.52
301024.SZ,20241226,1.52
301024.SZ,20241225,1.52
301024.SZ,20241224,1.52
301024.SZ,20241223,1.52
301024.SZ,20241220,1.52
301024.SZ,20241219,1.52
301024.SZ,20241218,1.52
301024.SZ,20241217,1.52
301024.SZ,20241216,1.52
301024.SZ,20241213,1.52
301024.SZ,20241212,1.52
301024.SZ,20241211,1.52
301024.SZ,20241210,1.52
301024.SZ,20241209,1.52
301024.SZ,20241206,1.52
301024.SZ,20241205,1.52
301024.SZ,20241204,1.52
301024.SZ,20241203,1.52
301024.SZ,20241202,1.52
301024.SZ,20241129,1.52
301024.SZ,20241128,1.52
301024.SZ,20241127,1.52
301024.SZ,20241126,1.52
301024.SZ,20241125,1.52
301024.SZ,20241122,1.52
301024.SZ,20241121,1.52
301024.SZ,20241120,1.52
301024.SZ,20241119,1.52
301024.SZ,20241118,1.52
301024.SZ,20241115,1.52
301024.SZ,20241114,1.52
301024.SZ,20241113,1.52
301024.SZ,20241112,1.52
301024.SZ,20241111,1.52
301024.SZ,20241108,1.52
301024.SZ,20241107,1.52
301024.SZ,20241106,1.52
301024.SZ,20241105,1.52
301024.SZ,20241104,1.52
301024.SZ,20241101,1.52
301024.SZ,20241031,1.52
301024.SZ,20241030,1.52
301024.SZ,20241029,1.52
301024.SZ,20241028,1.52
301024.SZ,20241025,1.52
301024.SZ,20241024,1.52
301024.SZ,20241023,1.52
301024.SZ,20241022,1.52
301024.SZ,20241021,1.52
301024.SZ,20241018,1.52
301024.SZ,20241017,1.52
301024.SZ,20241016,1.52
301024.SZ,20241015,1.52
301024.SZ,20241014,1.52
301024.SZ,20241011,1.52
301024.SZ,20241010,1.52
301024.SZ,20241009,1.52
301024.SZ,20241008,1.52
301024.SZ,20240930,1.52
301024.SZ,20240927,1.52
301024.SZ,20240926,1.52
301024.SZ,20240925,1.52
301024.SZ,20240924,1.52
301024.SZ,20240923,1.52
301024.SZ,20240920,1.52
301024.SZ,20240919,1.52
301024.SZ,20240918,1.52
301024.SZ,20240913,1.52
301024.SZ,20240912,1.52
301024.SZ,20240911,1.52
301024.SZ,20240910,1.52
301024.SZ,20240909,1.52
301024.SZ,20240906,1.52
301024.SZ,20240905,1.52
301024.SZ,20240904,1.52
301024.SZ,20240903,1.52
301024.SZ,20240902,1.52
301024.SZ,20240830,1.52
301024.SZ,20240829,1.52
301024.SZ,20240828,1.52
301024.SZ,20240827,1.52
301024.SZ,20240826,1.52
301024.SZ,20240823,1.52
301024.SZ,20240822,1.52
301024.SZ,20240821,1.52
301024.SZ,20240820,1.52
301024.SZ,20240819,1.52
301024.SZ,20240816,1.52
301024.SZ,20240815,1.52
301024.SZ,20240814,1.52
301024.SZ,20240813,1.52
301024.SZ,20240812,1.52
301024.SZ,20240809,1.52
301024.SZ,20240808,1.52
301024.SZ,20240807,1.52
301024.SZ,20240806,1.52
301024.SZ,20240805,1.52
301024.SZ,20240802,1.52
301024.SZ,20240801,1.52
301024.SZ,20240731,1.52
301024.SZ,20240730,1.52
301024.SZ,20240729,1.52
301024.SZ,20240726,1.52
301024.SZ,20240725,1.52
301024.SZ,20240724,1.52
301024.SZ,20240723,1.52
301024.SZ,20240722,1.52
301024.SZ,20240719,1.52
301024.SZ,20240718,1.52
301024.SZ,20240717,1.52
301024.SZ,20240716,1.52
301024.SZ,20240715,1.52
301024.SZ,20240712,1.52
301024.SZ,20240711,1.52
301024.SZ,20240710,1.52
301024.SZ,20240709,1.52
301024.SZ,20240708,1.52
301024.SZ,20240705,1.52
301024.SZ,20240704,1.52
301024.SZ,20240703,1.52
301024.SZ,20240702,1.52
301024.SZ,20240701,1.52
301024.SZ,20240628,1.52
301024.SZ,20240627,1.52
301024.SZ,20240626,1.52
301024.SZ,20240625,1.5196
301024.SZ,20240624,1.52
301024.SZ,20240621,1.52
301024.SZ,20240620,1.52
301024.SZ,20240619,1.52
301024.SZ,20240618,1.52
301024.SZ,20240617,1.52
301024.SZ,20240614,1.52
301024.SZ,20240613,1.52
301024.SZ,20240612,1.52
301024.SZ,20240611,1.52
301024.SZ,20240607,1.52
301024.SZ,20240606,1.52
301024.SZ,20240605,1.52
301024.SZ,20240604,1.52
301024.SZ,20240603,1.52
301024.SZ,20240531,1.52
301024.SZ,20240530,1.52
301024.SZ,20240529,1.52
301024.SZ,20240528,1.52
301024.SZ,20240527,1.52
301024.SZ,20240524,1.52
301024.SZ,20240523,1.52
301024.SZ,20240522,1.52
301024.SZ,20240521,1.52
301024.SZ,20240520,1.52
301024.SZ,20240517,1.52
301024.SZ,20240516,1.52
301024.SZ,20240515,1.52
301024.SZ,20240514,1.52
301024.SZ,20240513,1.52
301024.SZ,20240510,1.52
301024.SZ,20240509,1.52
301024.SZ,20240508,1.52
301024.SZ,20240507,1.52
301024.SZ,20240506,1.52
301024.SZ,20240430,1.52
301024.SZ,20240429,1.52
301024.SZ,20240426,1.52
301024.SZ,20240425,1.52
301024.SZ,20240424,1.52
301024.SZ,20240423,1.52
301024.SZ,20240422,1.52
301024.SZ,20240419,1.52
301024.SZ,20240418,1.52
301024.SZ,20240417,1.52
301024.SZ,20240416,1.52
301024.SZ,20240415,1.52
301024.SZ,20240412,1.52
301024.SZ,20240411,1.52
301024.SZ,20240410,1.52
301024.SZ,20240409,1.52
301024.SZ,20240408,1.52
301024.SZ,20240403,1.52
301024.SZ,20240402,1.52
301024.SZ,20240401,1.52
301024.SZ,20240329,1.52
301024.SZ,20240328,1.52
301024.SZ,20240327,1.52
301024.SZ,20240326,1.52
301024.SZ,20240325,1.52
301024.SZ,20240322,1.52
301024.SZ,20240321,1.52
301024.SZ,20240320,1.52
301024.SZ,20240319,1.52
301024.SZ,20240318,1.52
301024.SZ,20240315,1.52
301024.SZ,20240314,1.52
301024.SZ,20240313,1.52
301024.SZ,20240312,1.52
301024.SZ,20240311,1.52
301024.SZ,20240308,1.52
301024.SZ,20240307,1.52
301024.SZ,20240306,1.52
301024.SZ,20240305,1.52
301024.SZ,20240304,1.52
301024.SZ,20240301,1.52
301024.SZ,20240229,1.52
301024.SZ,20240228,1.52
301024.SZ,20240227,1.52
301024.SZ,20240226,1.52
301024.SZ,20240223,1.52
301024.SZ,20240222,1.52
301024.SZ,20240221,1.52
301024.SZ,20240220,1.52
301024.SZ,20240219,1.52
301024.SZ,20240208,1.52
301024.SZ,20240207,1.52
301024.SZ,20240206,1.52
301024.SZ,20240205,1.52
301024.SZ,20240202,1.52
301024.SZ,20240201,1.52
301024.SZ,20240131,1.52
301024.SZ,20240130,1.52
301024.SZ,20240129,1.52
301024.SZ,20240126,1.52
301024.SZ,20240125,1.52
301024.SZ,20240124,1.52
301024.SZ,20240123,1.52
301024.SZ,20240122,1.52
301024.SZ,20240119,1.52
301024.SZ,20240118,1.52
301024.SZ,20240117,1.52
301024.SZ,20240116,1.52
301024.SZ,20240115,1.52
301024.SZ,20240112,1.52
301024.SZ,20240111,1.52
301024.SZ,20240110,1.52
301024.SZ,20240109,1.52
301024.SZ,20240108,1.52
301024.SZ,20240105,1.52
301024.SZ,20240104,1.52
301024.SZ,20240103,1.52
301024.SZ,20240102,1.52
301024.SZ,20231229,1.52
301024.SZ,20231228,1.52
301024.SZ,20231227,1.52
301024.SZ,20231226,1.52
301024.SZ,20231225,1.52
301024.SZ,20231222,1.52
301024.SZ,20231221,1.52
301024.SZ,20231220,1.52
301024.SZ,20231219,1.52
301024.SZ,20231218,1.52
301024.SZ,20231215,1.52
301024.SZ,20231214,1.52
301024.SZ,20231213,1.52
301024.SZ,20231212,1.52
301024.SZ,20231211,1.52
301024.SZ,20231208,1.52
301024.SZ,20231207,1.52
301024.SZ,20231206,1.52
301024.SZ,20231205,1.52
301024.SZ,20231204,1.52
301024.SZ,20231201,1.52
301024.SZ,20231130,1.52
301024.SZ,20231129,1.52
301024.SZ,20231128,1.52
301024.SZ,20231127,1.52
301024.SZ,20231124,1.52
301024.SZ,20231123,1.52
301024.SZ,20231122,1.52
301024.SZ,20231121,1.52
301024.SZ,20231120,1.52
301024.SZ,20231117,1.52
301024.SZ,20231116,1.52
301024.SZ,20231115,1.52
301024.SZ,20231114,1.52
301024.SZ,20231113,1.52
301024.SZ,20231110,1.52
301024.SZ,20231109,1.52
301024.SZ,20231108,1.52
301024.SZ,20231107,1.52
301024.SZ,20231106,1.52
301024.SZ,20231103,1.52
301024.SZ,20231102,1.52
301024.SZ,20231101,1.52
301024.SZ,20231031,1.52
301024.SZ,20231030,1.52
301024.SZ,20231027,1.52
301024.SZ,20231026,1.52
301024.SZ,20231025,1.52
301024.SZ,20231024,1.52
301024.SZ,20231023,1.52
301024.SZ,20231020,1.52
301024.SZ,20231019,1.52
301024.SZ,20231018,1.52
301024.SZ,20231017,1.52
301024.SZ,20231016,1.52
301024.SZ,20231013,1.52
301024.SZ,20231012,1.52
301024.SZ,20231011,1.52
301024.SZ,20231010,1.52
301024.SZ,20231009,1.52
301024.SZ,20230928,1.52
301024.SZ,20230927,1.52
301024.SZ,20230926,1.52
301024.SZ,20230925,1.52
301024.SZ,20230922,1.52
301024.SZ,20230921,1.52
301024.SZ,20230920,1.52
301024.SZ,20230919,1.52
301024.SZ,20230918,1.52
301024.SZ,20230915,1.52
301024.SZ,20230914,1.52
301024.SZ,20230913,1.52
301024.SZ,20230912,1.52
301024.SZ,20230911,1.52
301024.SZ,20230908,1.52
301024.SZ,20230907,1.52
301024.SZ,20230906,1.52
301024.SZ,20230905,1.52
301024.SZ,20230904,1.52
301024.SZ,20230901,1.52
301024.SZ,20230831,1.52
301024.SZ,20230830,1.52
301024.SZ,20230829,1.52
301024.SZ,20230828,1.52
301024.SZ,20230825,1.52
301024.SZ,20230824,1.52
301024.SZ,20230823,1.52
301024.SZ,20230822,1.52
301024.SZ,20230821,1.52
301024.SZ,20230818,1.52
301024.SZ,20230817,1.52
301024.SZ,20230816,1.52
301024.SZ,20230815,1.52
301024.SZ,20230814,1.52
301024.SZ,20230811,1.52
301024.SZ,20230810,1.52
301024.SZ,20230809,1.52
301024.SZ,20230808,1.52
301024.SZ,20230807,1.52
301024.SZ,20230804,1.52
301024.SZ,20230803,1.52
301024.SZ,20230802,1.52
301024.SZ,20230801,1.52
301024.SZ,20230731,1.52
301024.SZ,20230728,1.52
301024.SZ,20230727,1.52
301024.SZ,20230726,1.52
301024.SZ,20230725,1.52
301024.SZ,20230724,1.52
301024.SZ,20230721,1.52
301024.SZ,20230720,1.52
301024.SZ,20230719,1.52
301024.SZ,20230718,1.52
301024.SZ,20230717,1.52
301024.SZ,20230714,1.52
301024.SZ,20230713,1.52
301024.SZ,20230712,1.52
301024.SZ,20230711,1.52
301024.SZ,20230710,1.52
301024.SZ,20230707,1.52
301024.SZ,20230706,1.52
301024.SZ,20230705,1.52
301024.SZ,20230704,1.52
301024.SZ,20230703,1.52
301024.SZ,20230630,1.52
301024.SZ,20230629,1.52
301024.SZ,20230628,1.52
301024.SZ,20230627,1.52
301024.SZ,20230626,1.52
301024.SZ,20230621,1.52
301024.SZ,20230620,1.52
301024.SZ,20230619,1.52
301024.SZ,20230616,1.52
301024.SZ,20230615,1.52
301024.SZ,20230614,1.52
301024.SZ,20230613,1.52
301024.SZ,20230612,1.52
301024.SZ,20230609,1.52
301024.SZ,20230608,1.52
301024.SZ,20230607,1.52
301024.SZ,20230606,1.52
301024.SZ,20230605,1.52
301024.SZ,20230602,1.52
301024.SZ,20230601,1.52
301024.SZ,20230531,1.5196
301024.SZ,20230530,1.5196
301024.SZ,20230529,1.5196
301024.SZ,20230526,1.5196
301024.SZ,20230525,1.5196
301024.SZ,20230524,1.5196
301024.SZ,20230523,1.5196
301024.SZ,20230522,1.5196
301024.SZ,20230519,1.5196
301024.SZ,20230518,1.5196
301024.SZ,20230517,1.5196
301024.SZ,20230516,1.5196
301024.SZ,20230515,1.5196
301024.SZ,20230512,1.5196
301024.SZ,20230511,1.5196
301024.SZ,20230510,1.5196
301024.SZ,20230509,1.5196
301024.SZ,20230508,1.5196
301024.SZ,20230505,1.5196
301024.SZ,20230504,1.5196
301024.SZ,20230428,1.5196
301024.SZ,20230427,1.5196
301024.SZ,20230426,1.5196
301024.SZ,20230425,1.5196
301024.SZ,20230424,1.5196
301024.SZ,20230421,1.5196
301024.SZ,20230420,1.5196
301024.SZ,20230419,1.5196
301024.SZ,20230418,1.5196
301024.SZ,20230417,1.5196
301024.SZ,20230414,1.5196
301024.SZ,20230413,1.5196
301024.SZ,20230412,1.5196
301024.SZ,20230411,1.5196
301024.SZ,20230410,1.5196
301024.SZ,20230407,1.5196
301024.SZ,20230406,1.5196
301024.SZ,20230404,1.5196
301024.SZ,20230403,1.5196
301024.SZ,20230331,1.5196
301024.SZ,20230330,1.5196
301024.SZ,20230329,1.5196
301024.SZ,20230328,1.5196
301024.SZ,20230327,1.5196
301024.SZ,20230324,1.5196
301024.SZ,20230323,1.5196
301024.SZ,20230322,1.5196
301024.SZ,20230321,1.5196
301024.SZ,20230320,1.5196
301024.SZ,20230317,1.5196
301024.SZ,20230316,1.5196
301024.SZ,20230315,1.5196
301024.SZ,20230314,1.5196
301024.SZ,20230313,1.5196
301024.SZ,20230310,1.5196
301024.SZ,20230309,1.5196
301024.SZ,20230308,1.5196
301024.SZ,20230307,1.5196
301024.SZ,20230306,1.5196
301024.SZ,20230303,1.5196
301024.SZ,20230302,1.5196
301024.SZ,20230301,1.5196
301024.SZ,20230228,1.5196
301024.SZ,20230227,1.5196
301024.SZ,20230224,1.5196
301024.SZ,20230223,1.5196
301024.SZ,20230222,1.5196
301024.SZ,20230221,1.5196
301024.SZ,20230220,1.5196
301024.SZ,20230217,1.5196
301024.SZ,20230216,1.5196
301024.SZ,20230215,1.5196
301024.SZ,20230214,1.5196
301024.SZ,20230213,1.5196
301024.SZ,20230210,1.5196
301024.SZ,20230209,1.5196
301024.SZ,20230208,1.5196
301024.SZ,20230207,1.5196
301024.SZ,20230206,1.5196
301024.SZ,20230203,1.5196
301024.SZ,20230202,1.5196
301024.SZ,20230201,1.5196
301024.SZ,20230131,1.5196
301024.SZ,20230130,1.5196
301024.SZ,20230120,1.5196
301024.SZ,20230119,1.5196
301024.SZ,20230118,1.5196
301024.SZ,20230117,1.5196
301024.SZ,20230116,1.5196
301024.SZ,20230113,1.5196
301024.SZ,20230112,1.5196
301024.SZ,20230111,1.5196
301024.SZ,20230110,1.5196
301024.SZ,20230109,1.5196
301024.SZ,20230106,1.5196
301024.SZ,20230105,1.5196
301024.SZ,20230104,1.5196
301024.SZ,20230103,1.5196
301024.SZ,20221230,1.5196
301024.SZ,20221229,1.5196
301024.SZ,20221228,1.5196
301024.SZ,20221227,1.5196
301024.SZ,20221226,1.5196
301024.SZ,20221223,1.5196
301024.SZ,20221222,1.5196
301024.SZ,20221221,1.5196
301024.SZ,20221220,1.5196
301024.SZ,20221219,1.5196
301024.SZ,20221216,1.5196
301024.SZ,20221215,1.5196
301024.SZ,20221214,1.5196
301024.SZ,20221213,1.5196
301024.SZ,20221212,1.5196
301024.SZ,20221209,1.5196
301024.SZ,20221208,1.5196
301024.SZ,20221207,1.5196
301024.SZ,20221206,1.5196
301024.SZ,20221205,1.5196
301024.SZ,20221202,1.5196
301024.SZ,20221201,1.5196
301024.SZ,20221130,1.5196
301024.SZ,20221129,1.5196
301024.SZ,20221128,1.5196
301024.SZ,20221125,1.5196
301024.SZ,20221124,1.5196
301024.SZ,20221123,1.5196
301024.SZ,20221122,1.5196
301024.SZ,20221121,1.5196
301024.SZ,20221118,1.5196
301024.SZ,20221117,1.5196
301024.SZ,20221116,1.5196
301024.SZ,20221115,1.5196
301024.SZ,20221114,1.5196
301024.SZ,20221111,1.5196
301024.SZ,20221110,1.5196
301024.SZ,20221109,1.5196
301024.SZ,20221108,1.5196
301024.SZ,20221107,1.5196
301024.SZ,20221104,1.5196
301024.SZ,20221103,1.5196
301024.SZ,20221102,1.5196
301024.SZ,20221101,1.5196
301024.SZ,20221031,1.5196
301024.SZ,20221028,1.5196
301024.SZ,20221027,1.5196
301024.SZ,20221026,1.5196
301024.SZ,20221025,1.5196
301024.SZ,20221024,1.5196
301024.SZ,20221021,1.5196
301024.SZ,20221020,1.5196
301024.SZ,20221019,1.5196
301024.SZ,20221018,1.5196
301024.SZ,20221017,1.5196
301024.SZ,20221014,1.5196
301024.SZ,20221013,1.5196
301024.SZ,20221012,1.5196
301024.SZ,20221011,1.5196
301024.SZ,20221010,1.5196
301024.SZ,20220930,1.5196
301024.SZ,20220929,1.5196
301024.SZ,20220928,1.5196
301024.SZ,20220927,1.5196
301024.SZ,20220926,1.5196
301024.SZ,20220923,1.5196
301024.SZ,20220922,1.5196
301024.SZ,20220921,1.5196
301024.SZ,20220920,1.5196
301024.SZ,20220919,1.5196
301024.SZ,20220916,1.5196
301024.SZ,20220915,1.5196
301024.SZ,20220914,1.5196
301024.SZ,20220913,1.5196
301024.SZ,20220909,1.5196
301024.SZ,20220908,1.5196
301024.SZ,20220907,1.5196
301024.SZ,20220906,1.5196
301024.SZ,20220905,1.5196
301024.SZ,20220902,1.5196
301024.SZ,20220901,1.5196
301024.SZ,20220831,1.5196
301024.SZ,20220830,1.5196
301024.SZ,20220829,1.5196
301024.SZ,20220826,1.5196
301024.SZ,20220825,1.5196
301024.SZ,20220824,1.5196
301024.SZ,20220823,1.5196
301024.SZ,20220822,1.5196
301024.SZ,20220819,1.5196
301024.SZ,20220818,1.5196
301024.SZ,20220817,1.5196
301024.SZ,20220816,1.5196
301024.SZ,20220815,1.5196
301024.SZ,20220812,1.5196
301024.SZ,20220811,1.5196
301024.SZ,20220810,1.5196
301024.SZ,20220809,1.5196
301024.SZ,20220808,1.5196
301024.SZ,20220805,1.5196
301024.SZ,20220804,1.5196
301024.SZ,20220803,1.5196
301024.SZ,20220802,1.5196
301024.SZ,20220801,1.5196
301024.SZ,20220729,1.5196
301024.SZ,20220728,1.5196
301024.SZ,20220727,1.5196
301024.SZ,20220726,1.5196
301024.SZ,20220725,1.5196
301024.SZ,20220722,1.5196
301024.SZ,20220721,1.5196
301024.SZ,20220720,1.5196
301024.SZ,20220719,1.5196
301024.SZ,20220718,1.5196
301024.SZ,20220715,1.5196
301024.SZ,20220714,1.5196
301024.SZ,20220713,1.5196
301024.SZ,20220712,1.5196
301024.SZ,20220711,1.5196
301024.SZ,20220708,1.5196
301024.SZ,20220707,1.5196
301024.SZ,20220706,1.5196
301024.SZ,20220705,1.5196
301024.SZ,20220704,1.5196
301024.SZ,20220701,1.5196
301024.SZ,20220630,1.5196
301024.SZ,20220629,1.5196
301024.SZ,20220628,1.5196
301024.SZ,20220627,1.5196
301024.SZ,20220624,1.5196
301024.SZ,20220623,1.5196
301024.SZ,20220622,1.5196
301024.SZ,20220621,1.5196
301024.SZ,20220620,1.5196
301024.SZ,20220617,1.5196
301024.SZ,20220616,1.5196
301024.SZ,20220615,1.5196
301024.SZ,20220614,1.5196
301024.SZ,20220613,1.5196
301024.SZ,20220610,1.5196
301024.SZ,20220609,1.0
301024.SZ,20220608,1.0
301024.SZ,20220607,1.0
301024.SZ,20220606,1.0
301024.SZ,20220602,1.0
301024.SZ,20220601,1.0
301024.SZ,20220531,1.0
301024.SZ,20220530,1.0
301024.SZ,20220527,1.0
301024.SZ,20220526,1.0
301024.SZ,20220525,1.0
301024.SZ,20220524,1.0
301024.SZ,20220523,1.0
301024.SZ,20220520,1.0
301024.SZ,20220519,1.0
301024.SZ,20220518,1.0
301024.SZ,20220517,1.0
301024.SZ,20220516,1.0
301024.SZ,20220513,1.0
301024.SZ,20220512,1.0
301024.SZ,20220511,1.0
301024.SZ,20220510,1.0
301024.SZ,20220509,1.0
301024.SZ,20220506,1.0
301024.SZ,20220505,1.0
301024.SZ,20220429,1.0
301024.SZ,20220428,1.0
301024.SZ,20220427,1.0
301024.SZ,20220426,1.0
301024.SZ,20220425,1.0
301024.SZ,20220422,1.0
301024.SZ,20220421,1.0
301024.SZ,20220420,1.0
301024.SZ,20220419,1.0
301024.SZ,20220418,1.0
301024.SZ,20220415,1.0
301024.SZ,20220414,1.0
301024.SZ,20220413,1.0
301024.SZ,20220412,1.0
301024.SZ,20220411,1.0
301024.SZ,20220408,1.0
301024.SZ,20220407,1.0
301024.SZ,20220406,1.0
301024.SZ,20220401,1.0
301024.SZ,20220331,1.0
301024.SZ,20220330,1.0
301024.SZ,20220329,1.0
301024.SZ,20220328,1.0
301024.SZ,20220325,1.0
301024.SZ,20220324,1.0
301024.SZ,20220323,1.0
301024.SZ,20220322,1.0
301024.SZ,20220321,1.0
301024.SZ,20220318,1.0
301024.SZ,20220317,1.0
301024.SZ,20220316,1.0
301024.SZ,20220315,1.0
301024.SZ,20220314,1.0
301024.SZ,20220311,1.0
301024.SZ,20220310,1.0
301024.SZ,20220309,1.0
301024.SZ,20220308,1.0
301024.SZ,20220307,1.0
301024.SZ,20220304,1.0
301024.SZ,20220303,1.0
301024.SZ,20220302,1.0
301024.SZ,20220301,1.0
301024.SZ,20220228,1.0
301024.SZ,20220225,1.0
301024.SZ,20220224,1.0
301024.SZ,20220223,1.0
301024.SZ,20220222,1.0
301024.SZ,20220221,1.0
301024.SZ,20220218,1.0
301024.SZ,20220217,1.0
301024.SZ,20220216,1.0
301024.SZ,20220215,1.0
301024.SZ,20220214,1.0
301024.SZ,20220211,1.0
301024.SZ,20220210,1.0
301024.SZ,20220209,1.0
301024.SZ,20220208,1.0
301024.SZ,20220207,1.0
301024.SZ,20220128,1.0
301024.SZ,20220127,1.0
301024.SZ,20220126,1.0
301024.SZ,20220125,1.0
301024.SZ,20220124,1.0
301024.SZ,20220121,1.0
301024.SZ,20220120,1.0
301024.SZ,20220119,1.0
301024.SZ,20220118,1.0
301024.SZ,20220117,1.0
301024.SZ,20220114,1.0
301024.SZ,20220113,1.0
301024.SZ,20220112,1.0
301024.SZ,20220111,1.0
301024.SZ,20220110,1.0
301024.SZ,20220107,1.0
301024.SZ,20220106,1.0
301024.SZ,20220105,1.0
301024.SZ,20220104,1.0
